22

Indebit' As>

Abatement.

Partelot V. Ἑκνῐοη.
Cooke. Pasch. 3 Jacobi 2. Regis. Rot. 475„

London' ss. 1131112 ’1522121111211 22 9122221122 111 cluth 11221ιεῖ

212 attari) 11111 22 2212222222 1132112122 2132212
121 22 11122112 12211122 [2112212111 22. Qfft 111122 122111 1221121222 ρ
32112111 1111222 9112111 [211111 1122211112 1111222 22111 11122 911112 21ς
22111112 212 mmmmm 211112 2211111β111 122212 1111112 1221111211
211112 11211222 111 11221112 112212 Qum 22 92221122 111 212222 22

ven - 922211221221111221211121 2122111 1221121211 11112222211111111211222111

12112 2 222 221122 12112112 1111111212 9112112 ,11 2112112 221112 11122ς

21111211 21222222221ῖ ,v 1112122 1132112 2122111 911112 21112 1211111112
111112 2211212 2 2211112222 11151 stt 11122 1112221122 22111211 11122

’ 911112 111 221122222112112 11122 sun se 2112121121 2 2122111 1132112122

22111112 2 12122111 1122112111111111 1121111212222111 911112 11122121·ς
2222111 11112 11222111 12112 (t 222 221122 2122111 1132112122 211111 11122
1121122 2211111112 fuisset 112112 2 22211122121122 ,2 221112111222 221121
922112111 211111 11122 911112 2122111112 11111112 212 mmmmm 211112
1211122122 211112 11222211 11122 111 1122111212 212222 11122 111 tunsi:
221222ῑ1 1121112211321121222 2211122121 11122112· 2 requisitionem
1111122 911112 2222121221 2 2222222221 2122111 911112 22 1112111 111119
911112 ,11112 211212 21112112 11122211112112 1222222221Ξ’ suu 1221111111.-
11111 2 2122111 19222122 22111112 2 11112212 1122112 ,11111121 112 ipsa
2222111 911112 121115 221122 11111122 11112112 112112 1112221111211 2 11122,
21121121ἵ11122 1111’1112111121121’ 2122111 911112 11 11121221221121211111
[12211112122122 212 2211212 2 2211112221’11122122 1211111212 2211211
2121112 2 221122221121112 2212112221 2222222122 2212112111 2122111
12222122 2211111122 [11111112 1121122 22221112 11111121 112112 2 222112
sume 2 221112111222 221121 1121 12211111121121222 111 fastu 212212
112112 212221111211 2212222222ίῖ 11122 11121112111121121· 2122111 911112
11 1112122 1132112122111 fit 111 1112122122 212 2211212 2 2211112222 11122
1211111212 2211211121112 22211112221121112 221111122111 2211211221111’
2212112111 as 1222221111 11112 11222111 12112 2 222 22112212132112
111211222 9112112 [2112 211112 1121111211 1112211111221112 2 1112222 11122
11122122 12111211 911112 121121111111221122 2 2112111111121122 11122 11122·
22 1112122122 2211122122 121122 1112111112. 2222112 122 1112221112112 2
1222221222 1212112211 2111122111 1132112122111 1111122 pte 2211122 etum:
2212 2221112 2 221222222211122121121 221122 1211122 122 2111122111
11122 221122 1112121) 1132112122 12212 sepas ί11111111121122 2222122112
1122 [222 1112211122 11211 121211 1122 aliquaue ,11 21222111 butum,-

